Applications Graphics Acceleration Info:
Uptime: 42270247 Realtime: 42270247

** Graphics info for pid 32034 [com.froydinger.breeze.dev] **

Stats since: 42264135266111ns
Total frames rendered: 217
Janky frames: 122 (56.22%)
Janky frames (legacy): 189 (87.10%)
50th percentile: 40ms
90th percentile: 81ms
95th percentile: 117ms
99th percentile: 129ms
Number Missed Vsync: 29
Number High input latency: 191
Number Slow UI thread: 107
Number Slow bitmap uploads: 0
Number Slow issue draw commands: 98
Number Frame deadline missed: 122
Number Frame deadline missed (legacy): 108
HISTOGRAM: 5ms=0 6ms=0 7ms=0 8ms=0 9ms=0 10ms=0 11ms=0 12ms=0 13ms=0 14ms=0 15ms=0 16ms=2 17ms=3 18ms=6 19ms=0 20ms=3 21ms=5 22ms=5 23ms=0 24ms=6 25ms=4 26ms=4 27ms=2 28ms=4 29ms=2 30ms=3 31ms=1 32ms=38 34ms=11 36ms=4 38ms=5 40ms=2 42ms=3 44ms=3 46ms=3 48ms=17 53ms=6 57ms=12 61ms=7 65ms=16 69ms=3 73ms=1 77ms=9 81ms=7 85ms=0 89ms=3 93ms=0 97ms=2 101ms=0 105ms=3 109ms=0 113ms=1 117ms=4 121ms=2 125ms=2 129ms=1 133ms=0 150ms=1 200ms=0 250ms=1 300ms=0 350ms=0 400ms=0 450ms=0 500ms=0 550ms=0 600ms=0 650ms=0 700ms=0 750ms=0 800ms=0 850ms=0 900ms=0 950ms=0 1000ms=0 1050ms=0 1100ms=0 1150ms=0 1200ms=0 1250ms=0 1300ms=0 1350ms=0 1400ms=0 1450ms=0 1500ms=0 1550ms=0 1600ms=0 1650ms=0 1700ms=0 1750ms=0 1800ms=0 1850ms=0 1900ms=0 1950ms=0 2000ms=0 2050ms=0 2100ms=0 2150ms=0 2200ms=0 2250ms=0 2300ms=0 2350ms=0 2400ms=0 2450ms=0 2500ms=0 2550ms=0 2600ms=0 2650ms=0 2700ms=0 2750ms=0 2800ms=0 2850ms=0 2900ms=0 2950ms=0 3000ms=0 3050ms=0 3100ms=0 3150ms=0 3200ms=0 3250ms=0 3300ms=0 3350ms=0 3400ms=0 3450ms=0 3500ms=0 3550ms=0 3600ms=0 3650ms=0 3700ms=0 3750ms=0 3800ms=0 3850ms=0 3900ms=0 3950ms=0 4000ms=0 4050ms=0 4100ms=0 4150ms=0 4200ms=0 4250ms=0 4300ms=0 4350ms=0 4400ms=0 4450ms=0 4500ms=0 4550ms=0 4600ms=0 4650ms=0 4700ms=0 4750ms=0 4800ms=0 4850ms=0 4900ms=0 4950ms=0
50th gpu percentile: 18ms
90th gpu percentile: 4950ms
95th gpu percentile: 4950ms
99th gpu percentile: 4950ms
GPU HISTOGRAM: 1ms=0 2ms=0 3ms=0 4ms=0 5ms=0 6ms=0 7ms=1 8ms=15 9ms=12 10ms=8 11ms=8 12ms=11 13ms=7 14ms=4 15ms=11 16ms=12 17ms=14 18ms=16 19ms=8 20ms=5 21ms=3 22ms=14 23ms=15 24ms=15 25ms=10 4950ms=28

Pipeline=Skia (OpenGL)
Memory policy:
  Max surface area: 2617920
  Max resource usage: 125.66MB (x48)
  Background retention: 50% (altUiHidden = true)
  GPU Context timeout: 10
Contexts: 1 (stopped = 0)
CPU Caches:
  Glyph Cache: 63.31 KB (1 entry)
  Glyph Count: 26 
Total CPU memory usage:
  64832 bytes, 63.31 KB (0.00 bytes is purgeable)
GPU Caches:
  Other:
    Other: 2.09 KB (1 entry)
  Image:
    Texture: 3.56 MB (51 entries)
  Scratch:
    RenderTarget: 2.47 MB (7 entries)
    Buffer Object: 142.00 KB (4 entries)
    Texture: 2.00 MB (5 entries)
Layer Info:
    GlLayer size 1080x2130
  Layers Total         8985.94 KB (numLayers = 1)
Total GPU memory usage:
  8567666 bytes, 8.17 MB (6.07 MB is purgeable)
TextureView: 1080x2130

GraphicBufferAllocator buffers:
            Handle |         Size |     W (Stride) x H | Layers |   Format |      Usage | Requestor
0xb400007958fe1350 |      unknown | 1080 (   0) x 2130 |      1 |        2 | 0x     300 | SurfaceTexture-0-32034-1
0xb400007958fee4e0 |      unknown | 1080 (   0) x 2424 |      1 |        1 | 0x     b00 | VRI[MainActivity]#1(BLAST Consumer)1
0xb400007958ff88f0 |      unknown | 1080 (   0) x 2424 |      1 |        1 | 0x     b00 | VRI[MainActivity]#1(BLAST Consumer)1
0xb400007958ff95a0 |      unknown | 1080 (   0) x 2130 |      1 |        2 | 0x     300 | SurfaceTexture-0-32034-1
0xb400007958ff9df0 |      unknown | 1080 (   0) x 2130 |      1 |        2 | 0x     300 | SurfaceTexture-0-32034-1
0xb400007958ffcb70 |      unknown | 1080 (   0) x 2130 |      1 |        2 | 0x     300 | SurfaceTexture-0-32034-1
0xb400007958ffcfd0 |      unknown | 1080 (   0) x 2424 |      1 |        1 | 0x     b00 | VRI[MainActivity]#1(BLAST Consumer)1
Total allocated by GraphicBufferAllocator (estimate): 0.00 KB
Imported gralloc buffers:
+ name:SurfaceTexture-0-32034-1, id:23819, size:8986.25KiB, w/h:1080x2130, usage: 0x300, req fmt:2, fourcc/mod:875709016/0, dataspace: 0x0, compressed: false
+ name:SurfaceTexture-0-32034-1, id:23815, size:8986.25KiB, w/h:1080x2130, usage: 0x300, req fmt:2, fourcc/mod:875709016/0, dataspace: 0x0, compressed: false
+ name:SurfaceTexture-0-32034-1, id:23818, size:8986.25KiB, w/h:1080x2130, usage: 0x300, req fmt:2, fourcc/mod:875709016/0, dataspace: 0x0, compressed: false
+ name:SurfaceTexture-0-32034-1, id:23760, size:8986.25KiB, w/h:1080x2130, usage: 0x300, req fmt:2, fourcc/mod:875709016/0, dataspace: 0x0, compressed: false
+ name:VRI[MainActivity]#1(BLAST Consumer)1, id:23522, size:10226.56KiB, w/h:1080x2424, usage: 0xb00, req fmt:1, fourcc/mod:875708993/0, dataspace: 0x8810000, compressed: false
+ name:VRI[MainActivity]#1(BLAST Consumer)1, id:23521, size:10226.56KiB, w/h:1080x2424, usage: 0xb00, req fmt:1, fourcc/mod:875708993/0, dataspace: 0x8810000, compressed: false
+ name:VRI[MainActivity]#1(BLAST Consumer)1, id:23520, size:10226.56KiB, w/h:1080x2424, usage: 0xb00, req fmt:1, fourcc/mod:875708993/0, dataspace: 0x8810000, compressed: false
Total imported by gralloc: 66624.69KiB

Profile data in ms:

	com.froydinger.breeze.dev/com.froydinger.breeze.MainActivity/android.view.ViewRootImpl@6f78772 (visibility=0)
Window: com.froydinger.breeze.dev/com.froydinger.breeze.MainActivity
Stats since: 42264135265819ns
Total frames rendered: 217
Janky frames: 122 (56.22%)
Janky frames (legacy): 189 (87.10%)
50th percentile: 40ms
90th percentile: 81ms
95th percentile: 117ms
99th percentile: 129ms
Number Missed Vsync: 29
Number High input latency: 191
Number Slow UI thread: 107
Number Slow bitmap uploads: 0
Number Slow issue draw commands: 98
Number Frame deadline missed: 122
Number Frame deadline missed (legacy): 108
HISTOGRAM: 5ms=0 6ms=0 7ms=0 8ms=0 9ms=0 10ms=0 11ms=0 12ms=0 13ms=0 14ms=0 15ms=0 16ms=2 17ms=3 18ms=6 19ms=0 20ms=3 21ms=5 22ms=5 23ms=0 24ms=6 25ms=4 26ms=4 27ms=2 28ms=4 29ms=2 30ms=3 31ms=1 32ms=38 34ms=11 36ms=4 38ms=5 40ms=2 42ms=3 44ms=3 46ms=3 48ms=17 53ms=6 57ms=12 61ms=7 65ms=16 69ms=3 73ms=1 77ms=9 81ms=7 85ms=0 89ms=3 93ms=0 97ms=2 101ms=0 105ms=3 109ms=0 113ms=1 117ms=4 121ms=2 125ms=2 129ms=1 133ms=0 150ms=1 200ms=0 250ms=1 300ms=0 350ms=0 400ms=0 450ms=0 500ms=0 550ms=0 600ms=0 650ms=0 700ms=0 750ms=0 800ms=0 850ms=0 900ms=0 950ms=0 1000ms=0 1050ms=0 1100ms=0 1150ms=0 1200ms=0 1250ms=0 1300ms=0 1350ms=0 1400ms=0 1450ms=0 1500ms=0 1550ms=0 1600ms=0 1650ms=0 1700ms=0 1750ms=0 1800ms=0 1850ms=0 1900ms=0 1950ms=0 2000ms=0 2050ms=0 2100ms=0 2150ms=0 2200ms=0 2250ms=0 2300ms=0 2350ms=0 2400ms=0 2450ms=0 2500ms=0 2550ms=0 2600ms=0 2650ms=0 2700ms=0 2750ms=0 2800ms=0 2850ms=0 2900ms=0 2950ms=0 3000ms=0 3050ms=0 3100ms=0 3150ms=0 3200ms=0 3250ms=0 3300ms=0 3350ms=0 3400ms=0 3450ms=0 3500ms=0 3550ms=0 3600ms=0 3650ms=0 3700ms=0 3750ms=0 3800ms=0 3850ms=0 3900ms=0 3950ms=0 4000ms=0 4050ms=0 4100ms=0 4150ms=0 4200ms=0 4250ms=0 4300ms=0 4350ms=0 4400ms=0 4450ms=0 4500ms=0 4550ms=0 4600ms=0 4650ms=0 4700ms=0 4750ms=0 4800ms=0 4850ms=0 4900ms=0 4950ms=0
50th gpu percentile: 18ms
90th gpu percentile: 4950ms
95th gpu percentile: 4950ms
99th gpu percentile: 4950ms
GPU HISTOGRAM: 1ms=0 2ms=0 3ms=0 4ms=0 5ms=0 6ms=0 7ms=1 8ms=15 9ms=12 10ms=8 11ms=8 12ms=11 13ms=7 14ms=4 15ms=11 16ms=12 17ms=14 18ms=16 19ms=8 20ms=5 21ms=3 22ms=14 23ms=15 24ms=15 25ms=10 4950ms=28



---PROFILEDATA---
Flags,FrameTimelineVsyncId,IntendedVsync,Vsync,InputEventId,HandleInputStart,AnimationStart,PerformTraversalsStart,DrawStart,FrameDeadline,FrameStartTime,FrameInterval,WorkloadTarget,SyncQueued,SyncStart,IssueDrawCommandsStart,SwapBuffers,FrameCompleted,DequeueBufferDuration,QueueBufferDuration,GpuCompleted,SwapBuffersCompleted,DisplayPresentTime,CommandSubmissionCompleted,
2,2294348,42266797356476,42266797356476,0,42266797356476,42266797356476,42266797356476,42266797356476,42266830689808,42266797356476,16666666,16666666,42266809305071,42266809305404,42266809336446,42266810840404,42266827919987,13686209,100583,42266827919987,42266824898446,0,42266810840404,
0,2294309,42266714023146,42266730689812,0,42266731358362,42266731358654,42266738566987,42266738615904,42266847356474,42266731356029,16666666,16666666,42266811706862,42266826854154,42266826931029,42266827396029,42266849925362,16702750,159167,42266849925362,42266844658612,0,42266827396029,
0,2294317,42266747356478,42266814023142,0,42266827721612,42266827721946,42266839264362,42266839305696,42266880689806,42266827719279,16666666,16666666,42266846275404,42266846634821,42266846706529,42266861504196,42266873256612,1750,120750,42266873256612,42266861973571,0,42266861504196,
0,2294364,42266830689808,42266847356474,0,42266849101571,42266849101946,42266850841029,42266850942612,42266897356472,42266849099112,16666666,16666666,42266855912571,42266862085446,42266862140196,42266874610112,42266897628571,20794083,71792,42266897628571,42266896111862,0,42266874610112,
0,2294379,42266847356474,42266847356474,0,42266862479904,42266862480029,42266863739237,42266863850071,42266930689804,42266862479112,16666666,16666666,42266864437529,42266896285154,42266896433862,42266897307862,42266920326487,8300333,88708,42266920326487,42266913544279,0,42266897307862,
2,2294425,42266914023138,42266914023138,0,42266914023138,42266914023138,42266914023138,42266914023138,42266947356470,42266914023138,16666666,16666666,42266918410779,42266918411321,42266918460529,42266919955737,42266942703487,18661583,117583,42266942703487,42266939030237,0,42266919955737,
2,2294433,42266930689804,42266930689804,0,42266930689804,42266930689804,42266930689804,42266930689804,42266964023136,42266930689804,16666666,16666666,42266939140529,42266939140654,42266939173696,42266942234446,42266959073487,8785375,113375,42266959073487,42266951524029,0,42266942234446,
0,2294394,42266864023140,42266880689806,0,42266896859737,42266896860029,42266902384321,42266902416862,42266980689802,42266896857696,16666666,16666666,42266943396696,42266957336112,42266957435279,42266958506987,42266982197321,10916208,216042,42266982197321,42266970072487,0,42266958506987,
0,2294410,42266897356472,42266947356470,0,42266957948487,42266957948946,42266959262821,42266959298279,42267014023134,42266957945696,16666666,16666666,42266962469112,42266970167612,42266970233571,42266982903529,42267001559904,609916,147417,42267001559904,42266984105779,0,42266982903529,
0,2294449,42266964023136,42266964023136,0,42266971564654,42266971565071,42266974153612,42266974238404,42267030689800,42266971562696,16666666,16666666,42266978665321,42266984375987,42266984449862,42267001066987,42267031078862,15322625,121125,42267031078862,42267016918946,0,42267001066987,
2,2294495,42267030689800,42267030689800,0,42267030689800,42267030689800,42267030689800,42267030689800,42267064023132,42267030689800,16666666,16666666,42267035597487,42267035598071,42267035661446,42267040113904,42267049481071,1291,53208,42267049481071,42267040461696,0,42267040113904,
2,2294503,42267047356466,42267047356466,0,42267047356466,42267047356466,42267047356466,42267047356466,42267080689798,42267047356466,16666666,16666666,42267051528987,42267051529612,42267051564654,42267059362737,42267081304071,8934625,228250,42267081304071,42267069060446,0,42267059362737,
0,2294479,42266997356468,42267047356466,0,42267050091862,42267050092154,42267054771362,42267054809237,42267114023130,42267050089904,16666666,16666666,42267057644237,42267069310321,42267069527862,42267102633154,42267146808237,1542,149583,42267146808237,42267105122862,0,42267102633154,
0,2294511,42267064023132,42267064023132,0,42267073166029,42267073166321,42267075184196,42267075233946,42267164023128,42267073164737,16666666,16666666,42267104615029,42267146958737,42267147050821,42267147752279,42267169049237,15438667,165416,42267168794196,42267169049237,0,42267147752279,
0,2294551,42267164023128,42267164023128,0,42267166154112,42267166154779,42267166266487,42267166310696,42267197356460,42267166151446,16666666,16666666,42267178257654,42267178553904,42267178649946,42267179192071,42267188392154,1750,82875,42267188392154,42267179700487,0,42267179192071,
0,2294574,42267197356460,42267197356460,0,42267197967821,42267197970071,42267198182112,42267198258862,42267214023126,42267197964487,16666666,16666666,42267207422737,42267207813987,42267207868612,42267208810612,42267231074696,1583,265209,42267231074696,42267214950654,0,42267208810612,
0,2294581,42267214023126,42267214023126,0,42267214667904,42267214669362,42267214772321,42267214834737,42267264023124,42267214664071,16666666,16666666,42267225658112,42267226106321,42267226161404,42267226666821,42267257924654,14567250,203500,42267257924654,42267247174529,0,42267226666821,
0,2294589,42267230689792,42267230689792,-689563006,42267231513779,42267231514404,42267231623612,42267231691154,42267280689790,42267231512154,16666666,16666666,42267250521862,42267256921571,42267256972404,42267257435654,42267281002946,8977750,160875,42267281002946,42267266939237,0,42267257435654,
0,2294619,42267264023124,42267264023124,-733260208,42267265196237,42267266286862,42267266330112,42267266370279,42267314023122,42267265194779,16666666,16666666,42267280901321,42267281230362,42267281281654,42267289688696,42267299708654,1584,74209,42267299708654,42267290265321,0,42267289688696,
0,2294634,42267280689790,42267280689790,-113509649,42267281676279,42267288547737,42267296250071,42267296289946,42267330689788,42267281674404,16666666,16666666,42267306123404,42267306285779,42267306341529,42267306655779,42267331099362,8520208,103333,42267331099362,42267315604196,0,42267306655779,
0,2294649,42267297356456,42267297356456,-964050543,42267307593904,42267310437529,42267341359112,42267341940196,42267364023120,42267307592321,16666666,16666666,42267359260404,42267359579279,42267359676237,42267360448237,42267381110696,2083,94792,42267381110696,42267366025487,0,42267360448237,
0,2294664,42267314023122,42267347356454,-253279349,42267363712196,42267366470279,42267373738571,42267373776321,42267414023118,42267363708446,16666666,16666666,42267379832696,42267380336112,42267380384904,42267381540321,42267397757904,6148500,126958,42267397757904,42267388126321,0,42267381540321,
0,2294710,42267380689786,42267380689786,-592659022,42267381256696,42267382401987,42267388891862,42267388927862,42267430689784,42267381255404,16666666,16666666,42267419009154,42267419340446,42267419406196,42267420455196,42267431725487,1791,68875,42267431725487,42267421045071,0,42267420455196,
0,2294725,42267397356452,42267414023118,-401911559,42267420175571,42267421181821,42267422987154,42267423015529,42267464023116,42267420173071,16666666,16666666,42267441443446,42267441673071,42267441737779,42267442364904,42267464412696,12997125,91916,42267464412696,42267456416613,0,42267442364904,
0,2294747,42267430689784,42267430689784,-23048809,42267442158904,42267443561946,42267446172738,42267446205363,42267497356448,42267442157696,16666666,16666666,42267459379154,42267459492154,42267459546154,42267476911779,42267495283113,1458,169709,42267495283113,42267477349738,0,42267476911779,
0,2294762,42267447356450,42267447356450,0,42267460236363,42267460422904,42267461652821,42267461676738,42267514023114,42267460234613,16666666,16666666,42267510128488,42267510366779,42267510472196,42267511310154,42267519811946,2792,202291,42267519811946,42267511947821,0,42267511310154,
0,2294777,42267464023116,42267497356448,-88478337,42267511007404,42267512504446,42267518725071,42267518775529,42267547356446,42267511004863,16666666,16666666,42267529453613,42267529730279,42267529788571,42267531130321,42267552914696,16879792,124292,42267552914696,42267548490904,0,42267531130321,
0,2294801,42267514023114,42267514023114,0,42267530399863,42267530448529,42267533115446,42267533145363,42267580689778,42267530398321,16666666,16666666,42267536354363,42267548547821,42267548609946,42267552448529,42267576213363,14706833,125083,42267576213363,42267567799071,0,42267552448529,
0,2294816,42267530689780,42267547356446,-1019192042,42267549069196,42267550189446,42267551582821,42267551615821,42267597356444,42267549066863,16666666,16666666,42267574280904,42267574550863,42267574637279,42267575433363,42267598658196,13817667,350917,42267598658196,42267590076321,0,42267575433363,
0,2294839,42267564023112,42267564023112,-170005175,42267575141529,42267575947446,42267578459863,42267578489363,42267630689776,42267575140029,16666666,16666666,42267608405571,42267608740446,42267608808071,42267609540738,42267623597029,1958,70542,42267623597029,42267610065863,0,42267609540738,
0,2294854,42267580689778,42267597356444,-696950020,42267609266904,42267610324696,42267612831779,42267612869779,42267647356442,42267609264779,16666666,16666666,42267618917279,42267619075196,42267619154071,42267624370029,42267647716071,11643417,87416,42267647716071,42267636608988,0,42267624370029,
0,2294877,42267614023110,42267614023110,0,42267619752904,42267619820363,42267627044696,42267627092154,42267680689774,42267619750779,16666666,16666666,42267657051988,42267657414696,42267657530571,42267658113738,42267672107946,2709,160500,42267672107946,42267658712446,0,42267658113738,
0,2294892,42267630689776,42267647356442,-1013957798,42267658353779,42267661400613,42267665557196,42267665581821,42267697356440,42267658351321,16666666,16666666,42267667994071,42267668534404,42267668580738,42267672196196,42267690392071,9528666,166584,42267690392071,42267682123988,0,42267672196196,
0,2294908,42267664023108,42267664023108,-994087009,42267671652613,42267671658571,42267671717821,42267671741363,42267714023106,42267671651196,16666666,16666666,42267688826238,42267689099613,42267689144613,42267689949279,42267714490738,13396792,94333,42267714490738,42267703865904,0,42267689949279,
0,2294932,42267714023106,42267714023106,0,42267714938321,42267714938821,42267715033113,42267715076488,42267747356438,42267714935571,16666666,16666666,42267726574613,42267726974738,42267727006904,42267727452279,42267735428696,1125,132333,42267735428696,42267728067154,0,42267727452279,
0,2294948,42267747356438,42267747356438,0,42267747767821,42267747768404,42267747841363,42267748877529,42267764023104,42267747765696,16666666,16666666,42267769883154,42267770130654,42267770214029,42267771084238,42267781215446,1500,205208,42267781215446,42267771735738,0,42267771084238,
0,2294971,42267797356436,42267797356436,0,42267797782113,42267797782654,42267797871571,42267797910238,42267814023102,42267797779738,16666666,16666666,42267815319779,42267815585113,42267815628363,42267816210363,42267830906446,1875,95000,42267830906446,42267816782113,0,42267816210363,
0,2294986,42267830689768,42267830689768,0,42267831036779,42267831037571,42267831123529,42267831163613,42267864023100,42267831034404,16666666,16666666,42267848468988,42267848770154,42267848812613,42267849635863,42267864514363,1583,179125,42267864514363,42267850207238,0,42267849635863,
0,2295001,42267864023100,42267864023100,0,42267864556988,42267864557779,42267864704696,42267864753071,42267897356432,42267864555238,16666666,16666666,42267880370404,42267880698154,42267880911113,42267881710696,42267897979321,1375,76959,42267897979321,42267882137613,0,42267881710696,
0,2295016,42267897356432,42267897356432,0,42267898435863,42267898436654,42267898606779,42267898690446,42267930689764,42267898433321,16666666,16666666,42267918469988,42267918753154,42267918789863,42267919354029,42267931079988,1583,97292,42267931079988,42267919801571,0,42267919354029,
0,2295031,42267930689764,42267930689764,0,42267931480696,42267931481404,42267931562488,42267931608196,42267964023096,42267931478113,16666666,16666666,42267948962029,42267949218529,42267949291571,42267949971488,42267964277613,1625,115750,42267964277613,42267950526863,0,42267949971488,
0,2295046,42267964023096,42267964023096,0,42267964494404,42267964495154,42267964678321,42267964726946,42267997356428,42267964492529,16666666,16666666,42267979612154,42267980414488,42267980457904,42267981355196,42267998400988,1208,348875,42267998400988,42267982144321,0,42267981355196,
0,2295061,42267997356428,42267997356428,0,42267998682029,42267998682904,42267998944029,42267998996363,42268030689760,42267998679238,16666666,16666666,42268018895071,42268025483988,42268025518863,42268025899196,42268032428904,1167,102000,42268032428904,42268026351988,0,42268025899196,
0,2295076,42268030689760,42268030689760,0,42268031818696,42268031819488,42268031926154,42268031970613,42268064023092,42268031817071,16666666,16666666,42268041725113,42268042134071,42268042185404,42268042747113,42268064303029,13236958,227625,42268064303029,42268056516279,0,42268042747113,
0,2295084,42268047356426,42268047356426,0,42268048795113,42268048795904,42268049052946,42268049123779,42268097356424,42268048792446,16666666,16666666,42268077493779,42268083903821,42268083965696,42268084894571,42268097762446,1375,76833,42268097762446,42268085470071,0,42268084894571,
0,2295100,42268097356424,42268097356424,0,42268098057446,42268098058196,42268098180154,42268098228613,42268130689756,42268098055029,16666666,16666666,42268115075779,42268115376196,42268115421071,42268115984404,42268131284071,1209,250125,42268131284071,42268116548988,0,42268115984404,
0,2295115,42268130689756,42268130689756,0,42268131390238,42268131390863,42268131603279,42268131677571,42268164023088,42268131387529,16666666,16666666,42268147015321,42268147471280,42268147531446,42268148152905,42268165469863,1542,91417,42268165469863,42268148640738,0,42268148152905,
0,2295130,42268164023088,42268164023088,0,42268165191155,42268165191738,42268165266821,42268165306488,42268197356420,42268165188613,16666666,16666666,42268177746613,42268178068571,42268178097155,42268178473030,42268198312946,1792,354917,42268198312946,42268185261405,0,42268178473030,
0,2295137,42268180689754,42268180689754,0,42268182011571,42268182012071,42268182072446,42268182114571,42268230689752,42268182009696,16666666,16666666,42268208416863,42268208716155,42268208764988,42268209199280,42268217487446,1958,78333,42268217487446,42268209642446,0,42268209199280,
0,2295145,42268197356420,42268197356420,-40221682,42268210051988,42268210052405,42268210243488,42268210273405,42268247356418,42268210049238,16666666,16666666,42268211218988,42268211342030,42268211376571,42268217017363,42268247859530,15661833,74459,42268247859530,42268233125696,0,42268217017363,
0,2295153,42268214023086,42268214023086,-520105083,42268216236696,42268216237238,42268240975530,42268241059655,42268280689750,42268216235738,16666666,16666666,42268254801780,42268256712530,42268256758863,42268257468238,42268266351030,1959,98625,42268266351030,42268257882446,0,42268257468238,
2,2295184,42268264023084,42268264023084,0,42268264023084,42268264023084,42268264023084,42268264023084,42268297356416,42268264023084,16666666,16666666,42268268376363,42268268376655,42268268423238,42268274199363,42268298252113,13833334,167584,42268298252113,42268288497655,0,42268274199363,
2,2295214,42268297356416,42268297356416,0,42268297356416,42268297356416,42268297356416,42268297356416,42268330689748,42268297356416,16666666,16666666,42268304801655,42268304803071,42268304850655,42268306211571,42268314711613,1542,86417,42268314711613,42268306537155,0,42268306211571,
0,2295161,42268230689752,42268247356418,0,42268257081446,42268257081655,42268274876071,42268275366905,42268347356414,42268257079571,16666666,16666666,42268316519696,42268316823238,42268316905071,42268323341446,42268347786405,12725541,78166,42268347786405,42268336535655,0,42268323341446,
2,2295245,42268347356414,42268347356414,0,42268347356414,42268347356414,42268347356414,42268347356414,42268380689746,42268347356414,16666666,16666666,42268351626238,42268351627196,42268351678780,42268356712571,42268364539738,1417,89000,42268364539738,42268357136988,0,42268356712571,
0,2295177,42268264023084,42268314023082,0,42268320982155,42268320982613,42268343564988,42268344318821,42268397356412,42268320979530,16666666,16666666,42268357315780,42268364718738,42268364864696,42268373513821,42268386496571,1416,82666,42268386496571,42268374029405,0,42268373513821,
2,2295275,42268380689746,42268380689746,0,42268380689746,42268380689746,42268380689746,42268380689746,42268414023078,42268380689746,16666666,16666666,42268385586821,42268385587363,42268385631155,42268389205113,42268407009030,9216584,106500,42268407009030,42268398785530,0,42268389205113,
2,2295283,42268397356412,42268397356412,0,42268397356412,42268397356412,42268397356412,42268397356412,42268430689744,42268397356412,16666666,16666666,42268401604613,42268401606071,42268401670613,42268406720363,42268430005655,8686292,79500,42268430005655,42268415734780,0,42268406720363,
0,2295230,42268330689748,42268364023080,0,42268371064655,42268371065363,42268373870780,42268373899905,42268447356410,42268371060655,16666666,16666666,42268405971780,42268422062155,42268422179905,42268423383238,42268446309780,8311500,101125,42268446309780,42268438350988,0,42268423383238,
0,2295268,42268380689746,42268414023078,0,42268422775613,42268422775780,42268424572155,42268425022196,42268464023076,42268422773905,16666666,16666666,42268430513321,42268440894571,42268440977488,42268445942155,42268469534238,12217334,77792,42268469534238,42268458593613,0,42268445942155,
2,2295329,42268464023076,42268464023076,0,42268464023076,42268464023076,42268464023076,42268464023076,42268497356408,42268464023076,16666666,16666666,42268468327530,42268468327946,42268468368571,42268469105238,42268491608863,17694125,89542,42268491608863,42268487267780,0,42268469105238,
0,2295299,42268430689744,42268430689744,0,42268443896905,42268443897321,42268445765946,42268445810988,42268514023074,42268443895071,16666666,16666666,42268469559655,42268490009571,42268490078738,42268491023738,42268507835196,8568125,157792,42268507835196,42268500221405,0,42268491023738,
0,2295314,42268447356410,42268480689742,0,42268490559363,42268490559613,42268492395863,42268492440321,42268530689740,42268490557071,16666666,16666666,42268496201030,42268500365196,42268500456238,42268507337613,42268523160071,8092292,73667,42268523160071,42268515964321,0,42268507337613,
0,2295345,42268497356408,42268497356408,0,42268507075321,42268507075655,42268508478363,42268508517113,42268547356406,42268507073571,16666666,16666666,42268509728071,42268516119696,42268516350530,42268522884113,42268540615530,9040000,86375,42268540615530,42268532253530,0,42268522884113,
0,2295375,42268530689740,42268530689740,0,42268536748155,42268536748613,42268538385905,42268538424238,42268564023072,42268536745571,16666666,16666666,42268539596363,42268539656821,42268539703488,42268540328113,42268555712946,11090167,109125,42268555712946,42268551763863,0,42268540328113,
0,2295383,42268547356406,42268547356406,0,42268547900155,42268547900696,42268549600155,42268549630821,42268580689738,42268547897571,16666666,16666666,42268550337030,42268551905113,42268551973988,42268555424696,42268573935571,9829416,86125,42268573935571,42268565592363,0,42268555424696,
0,2295398,42268564023072,42268564023072,0,42268564681030,42268564681780,42268571806530,42268571830488,42268597356404,42268564678655,16666666,16666666,42268572943946,42268573013905,42268573100071,42268573463155,42268589796446,8743500,171584,42268589796446,42268582714821,0,42268573463155,
0,2295413,42268580689738,42268580689738,0,42268581689030,42268581689821,42268586310321,42268586348863,42268614023070,42268581687280,16666666,16666666,42268587209613,42268587241405,42268587315280,42268589372030,42268614618030,8742000,161417,42268614618030,42268598568321,0,42268589372030,
0,2295534,42268764023064,42268764023064,-910220639,42268764531988,42268765470030,42268765515363,42268765547863,42268780689730,42268764529571,16666666,16666666,42268775515196,42268775880738,42268775939696,42268776680405,42268786801030,1459,98417,42268786801030,42268777190405,0,42268776680405,
0,2295549,42268780689730,42268780689730,-875821491,42268781497321,42268783096946,42268794607071,42268794638488,42268814023062,42268781494571,16666666,16666666,42268804712280,42268806332238,42268806379780,42268806679780,42268814527363,2291,116083,42268814527363,42268807093780,0,42268806679780,
0,2295564,42268797356396,42268797356396,-860975691,42268807120030,42268811037821,42268813945780,42268813982613,42268847356394,42268807118321,16666666,16666666,42268843014905,42268843329072,42268843382738,42268843810488,42268859166988,1709,157750,42268859166988,42268849736197,0,42268843810488,
0,2295579,42268814023062,42268830689728,-587498347,42268844152613,42268845694030,42268851735780,42268852565113,42268880689726,42268844150697,16666666,16666666,42268857330113,42268857373322,42268857429155,42268858477030,42268881381238,12006708,192791,42268881381238,42268871211447,0,42268858477030,
0,2295601,42268847356394,42268847356394,0,42268857845530,42268857885947,42268859150405,42268859188905,42268914023058,42268857843947,16666666,16666666,42268890780155,42268891065863,42268891241113,42268892213530,42268900566322,2000,93917,42268900566322,42268892627863,0,42268892213530,
0,2295616,42268864023060,42268880689726,-934190047,42268891868155,42268893270280,42268894550030,42268894581405,42268930689724,42268891865113,16666666,16666666,42268900122572,42268900243655,42268900320738,42268901434697,42268940785905,1708,76666,42268940785905,42268932992363,0,42268901434697,
0,2295639,42268897356392,42268897356392,-189150026,42268901086530,42268909448655,42268917009947,42268917049655,42268964023056,42268901084655,16666666,16666666,42268923841363,42268933059280,42268933140488,42268935104488,42268964877238,8030083,86250,42268964877238,42268948872613,0,42268935104488,
0,2295654,42268914023058,42268930689724,-626182992,42268933586905,42268938192197,42268940627822,42268940857322,42268997356388,42268933584447,16666666,16666666,42268973385988,42268973794655,42268973877822,42268974846905,42268982691405,2250,126208,42268982691405,42268975395238,0,42268974846905,
0,2295676,42268947356390,42268964023056,-546325730,42268974401905,42268975763822,42268978786822,42268978819280,42269014023054,42268974398988,16666666,16666666,42268983682155,42268986205613,42268986275197,42268990300613,42269007951780,8273417,77083,42269007951780,42268998876738,0,42268990300613,
0,2295699,42268980689722,42268980689722,-53271605,42268986876613,42268989016905,42268991353113,42268991388530,42269030689720,42268986873197,16666666,16666666,42268996971447,42268998926822,42268998987655,42269006191697,42269030904197,18897417,80208,42269030904197,42269026904655,0,42269006191697,
0,2295714,42268997356388,42268997356388,-478170408,42269001980197,42269004646738,42269005952363,42269005986905,42269064023052,42269001977030,16666666,16666666,42269042243697,42269042861863,42269042939655,42269043911822,42269058968238,1375,92791,42269058968238,42269044281280,0,42269043911822,
0,2295729,42269014023054,42269030689720,-642738391,42269043876405,42269046377947,42269048349947,42269048388697,42269080689718,42269043874363,16666666,16666666,42269052583780,42269052937405,42269053015655,42269062601613,42269081963655,10247084,90959,42269081963655,42269073481863,0,42269062601613,
0,2295752,42269047356386,42269047356386,0,42269053502197,42269053572322,42269054848488,42269054876530,42269114023050,42269053500738,16666666,16666666,42269096691863,42269097038072,42269097103405,42269103308822,42269113746613,2333,114417,42269113746613,42269103793322,0,42269103308822,
0,2295767,42269064023052,42269097356384,-920279148,42269097684988,42269100235238,42269103479197,42269103518863,42269130689716,42269097682780,16666666,16666666,42269106421197,42269106962697,42269107034072,42269113384530,42269132465988,18687167,89667,42269130808072,42269132465988,0,42269113384530,
0,2295790,42269114023050,42269114023050,-210722647,42269114373572,42269116701822,42269122261947,42269122298613,42269164023048,42269114370947,16666666,16666666,42269154687113,42269155009405,42269155101405,42269155472905,42269164700405,1750,87208,42269164700405,42269155905530,0,42269155472905,
0,2295805,42269130689716,42269147356382,-402529749,42269156175988,42269162707280,42269167761363,42269167794822,42269197356380,42269156174280,16666666,16666666,42269169492863,42269169795488,42269169890113,42269176202322,42269183296280,1833,121833,42269183296280,42269176627072,0,42269176202322,
0,2295820,42269164023048,42269164023048,-912758111,42269175410822,42269175419697,42269175507155,42269175533113,42269214023046,42269175409280,16666666,16666666,42269191256197,42269191551780,42269191600530,42269192288447,42269214431113,10575167,89834,42269214431113,42269203348530,0,42269192288447,
0,2295844,42269214023046,42269214023046,0,42269216172822,42269216173655,42269216772613,42269217020030,42269247356378,42269216170155,16666666,16666666,42269228664697,42269229118905,42269229170405,42269229555530,42269237236405,1416,83458,42269237236405,42269229963488,0,42269229555530,
0,2295860,42269247356378,42269247356378,0,42269248359738,42269248422947,42269248731822,42269248774697,42269264023044,42269248355988,16666666,16666666,42269260256155,42269260517780,42269260567280,42269261158447,42269268329613,1459,79042,42269268329613,42269261541238,0,42269261158447,
0,2295876,42269280689710,42269280689710,0,42269281251072,42269281251530,42269281392947,42269281448197,42269297356376,42269281249488,16666666,16666666,42269298373947,42269298631488,42269298678113,42269299311697,42269315370905,1834,121541,42269315370905,42269299755947,0,42269299311697,
0,2295891,42269314023042,42269314023042,0,42269315689947,42269315690447,42269315878530,42269315933072,42269347356374,42269315687447,16666666,16666666,42269332589655,42269332757405,42269332827655,42269333507197,42269347607572,1125,80875,42269347607572,42269334104947,0,42269333507197,
0,2295906,42269347356374,42269347356374,0,42269347684488,42269347685280,42269347859447,42269347905613,42269380689706,42269347682697,16666666,16666666,42269366401405,42269366768905,42269366818905,42269367745530,42269381574363,1875,137958,42269381574363,42269368396863,0,42269367745530,
0,2295921,42269380689706,42269380689706,0,42269384625322,42269384625822,42269384724738,42269384788738,42269414023038,42269384623822,16666666,16666666,42269400241113,42269400599697,42269400672488,42269401379905,42269414589405,1500,148416,42269414589405,42269401855322,0,42269401379905,
0,2295936,42269414023038,42269414023038,0,42269414922655,42269414923238,42269415129738,42269415175905,42269447356370,42269414920447,16666666,16666666,42269432221280,42269432579947,42269432617572,42269433086530,42269447709155,1083,102917,42269447709155,42269433741238,0,42269433086530,
0,2295951,42269447356370,42269447356370,0,42269447831863,42269447832572,42269447925322,42269447966030,42269480689702,42269447829030,16666666,16666666,42269462626905,42269462956530,42269462999947,42269463673113,42269481142988,1834,145333,42269481142988,42269464285530,0,42269463673113,
0,2295966,42269480689702,42269480689702,0,42269481352780,42269481353530,42269481472988,42269481521030,42269514023034,42269481350405,16666666,16666666,42269499270530,42269499496030,42269499540072,42269500346697,42269514378405,1875,229500,42269514378405,42269500947613,0,42269500346697,
0,2295981,42269514023034,42269514023034,0,42269514508072,42269514508697,42269514653780,42269514704197,42269547356366,42269514505572,16666666,16666666,42269532108655,42269532328613,42269532362738,42269533202155,42269547727614,1875,2595333,42269547727614,42269536101197,0,42269533202155,
0,2295996,42269547356366,42269547356366,0,42269547765697,42269547766655,42269547951780,42269548082405,42269580689698,42269547763864,16666666,16666666,42269563115697,42269563477280,42269563523072,42269563963905,42269581310780,1917,115458,42269581310780,42269564511030,0,42269563963905,
0,2296011,42269580689698,42269580689698,0,42269581608364,42269581609197,42269581677155,42269581715739,42269614023030,42269581605822,16666666,16666666,42269600743155,42269601112989,42269601166489,42269601984655,42269615085447,1292,313041,42269615085447,42269602736072,0,42269601984655,
0,2296026,42269614023030,42269614023030,0,42269614573780,42269614574447,42269614779364,42269614825155,42269647356362,42269614571864,16666666,16666666,42269625590322,42269625988697,42269626053239,42269626675280,42269647685364,8524708,100000,42269647685364,42269635614030,0,42269626675280,
0,2296042,42269647356362,42269647356362,0,42269647999739,42269648298947,42269648433364,42269648480697,42269680689694,42269647997655,16666666,16666666,42269671005114,42269671328989,42269671373072,42269672139030,42269682281280,1291,118542,42269682281280,42269672548239,0,42269672139030,
0,2296057,42269680689694,42269680689694,0,42269681882572,42269681882989,42269682337780,42269684202322,42269714023026,42269681880989,16666666,16666666,42269702950322,42269703414364,42269703455114,42269704117364,42269713218405,1667,185417,42269713218405,42269704828072,0,42269704117364,
0,2296064,42269697356360,42269697356360,-706955553,42269704906905,42269704907197,42269705305822,42269705333197,42269730689692,42269704905155,16666666,16666666,42269706173780,42269706330947,42269706363155,42269712489197,42269731682947,8860125,432458,42269731682947,42269722114739,0,42269712489197,
2,2296087,42269730689692,42269730689692,0,42269730689692,42269730689692,42269730689692,42269730689692,42269764023024,42269730689692,16666666,16666666,42269734933405,42269734934197,42269734965697,42269742800405,42269751074280,1542,97875,42269751074280,42269743196572,0,42269742800405,
0,2296072,42269714023026,42269714023026,-295190475,42269715167489,42269715168155,42269742715239,42269742748364,42269780689690,42269715165489,16666666,16666666,42269752191197,42269758371864,42269758425905,42269758736072,42269781087905,10322750,107625,42269781087905,42269769544989,0,42269758736072,
0,2296080,42269730689692,42269747356358,0,42269758885864,42269758886197,42269778327364,42269779086739,42269814023022,42269758883780,16666666,16666666,42269801302989,42269806789405,42269806865572,42269807412030,42269818142697,1167,81042,42269818142697,42269807856947,0,42269807412030,
2,2296148,42269814023022,42269814023022,0,42269814023022,42269814023022,42269814023022,42269814023022,42269847356354,42269814023022,16666666,16666666,42269818226947,42269818227239,42269818269447,42269818677322,42269840144155,12835333,82042,42269840144155,42269831864947,0,42269818677322,
2,2296156,42269830689688,42269830689688,0,42269830689688,42269830689688,42269830689688,42269830689688,42269864023020,42269830689688,16666666,16666666,42269836844780,42269836845030,42269839101030,42269839674780,42269855818572,8659708,301333,42269855818572,42269848839530,0,42269839674780,
0,2296103,42269764023024,42269797356356,0,42269810260572,42269810261239,42269829151239,42269829742405,42269880689686,42269810257322,16666666,16666666,42269843417114,42269854491697,42269854611697,42269855446405,42269881011239,10681625,153833,42269881011239,42269866535905,0,42269855446405,
0,2296141,42269814023022,42269847356354,0,42269856556530,42269856556947,42269859571447,42269859606364,42269914023018,42269856554155,16666666,16666666,42269881983447,42269887914072,42269888048947,42269889231280,42269898544697,1541,98083,42269898544697,42269889695739,0,42269889231280,
0,2296209,42269897356352,42269897356352,0,42269898137322,42269898137614,42269899396947,42269899429030,42269930689684,42269898135947,16666666,16666666,42269903192489,42269903424905,42269903549280,42269905002447,42269931205989,12169792,68250,42269931205989,42269917553864,0,42269905002447,
0,2296224,42269914023018,42269914023018,0,42269915170072,42269915170905,42269916506614,42269916547572,42269964023016,42269915167155,16666666,16666666,42269927833822,42269928286322,42269928382197,42269929366364,42269952910239,1750,63125,42269952910239,42269936460614,0,42269929366364,
2,2296261,42269947356350,42269947356350,0,42269947356350,42269947356350,42269947356350,42269947356350,42269980689682,42269947356350,16666666,16666666,42269951554530,42269951554947,42269951589864,42269952614822,42269974530280,16216625,70000,42269974530280,42269969269280,0,42269952614822,
0,2296239,42269930689684,42269930689684,0,42269932489989,42269932490447,42269933971072,42269934005739,42269997356348,42269932488280,16666666,16666666,42269952560155,42269973372155,42269973438447,42269974216822,42269991232947,8637291,63292,42269991232947,42269983201155,0,42269974216822,
0,2296254,42269947356350,42269964023016,0,42269973892489,42269973892780,42269975426739,42269975460239,42270014023014,42269973890947,16666666,16666666,42269977032322,42269983314489,42269983376905,42269990960614,42270006727447,8354542,90750,42270006727447,42269999632322,0,42269990960614,
0,2296277,42269980689682,42269980689682,0,42269987720947,42269987721239,42269988962530,42269988991489,42270030689680,42269987719780,16666666,16666666,42269990921405,42269999730280,42269999796030,42270006477405,42270022252530,8610292,74875,42270022252530,42270015388572,0,42270006477405,
0,2296307,42270014023014,42270014023014,0,42270016961822,42270016962114,42270018534614,42270018567864,42270047356346,42270016959697,16666666,16666666,42270021013530,42270021088822,42270021130030,42270021938572,42270039541947,10103875,97958,42270039541947,42270032388280,0,42270021938572,
0,2296315,42270030689680,42270030689680,0,42270031637989,42270031638489,42270033047489,42270033079364,42270064023012,42270031636114,16666666,16666666,42270035844155,42270036500405,42270036659072,42270039286530,42270055664655,9155167,79250,42270055664655,42270048728780,0,42270039286530,
0,2296330,42270047356346,42270047356346,0,42270047795655,42270047796364,42270049390739,42270049423364,42270080689678,42270047793239,16666666,16666666,42270049930614,42270050666905,42270050789989,42270055376572,42270072565114,9611417,93666,42270072565114,42270065308989,0,42270055376572,
0,2296345,42270064023012,42270064023012,0,42270064673280,42270064673822,42270067877072,42270067902072,42270097356344,42270064670864,16666666,16666666,42270068689447,42270069150405,42270069262489,42270072035489,42270088697155,9352459,197750,42270088697155,42270081951530,0,42270072035489,
0,2296360,42270080689678,42270080689678,0,42270081137905,42270081138364,42270082848489,42270082880822,42270114023010,42270081135572,16666666,16666666,42270083481239,42270083631905,42270083697447,42270088339989,42270114378114,9781750,84375,42270114378114,42270098510947,0,42270088339989,
10,2296425,42270147356342,42270147356342,0,42270147356342,42270147356342,42270147356342,42270147356342,42270164023008,42270147356342,16666666,16666666,42270151598697,42270151599155,42266792655779,42266793947404,42266811176112,9654708,70167,42266811176112,42266803945362,0,42266793947404,
---PROFILEDATA---


View hierarchy:

  com.froydinger.breeze.dev/com.froydinger.breeze.MainActivity/android.view.ViewRootImpl@6f78772
  14 views, 23.99 kB of render nodes


Total ViewRootImpl   : 1
Total attached Views : 14
Total RenderNode     : 23.99 kB (used) / 59.92 kB (capacity)

