Applications Graphics Acceleration Info:
Uptime: 42154056 Realtime: 42154056

** Graphics info for pid 31100 [com.froydinger.breeze.dev] **

Stats since: 42141934020303ns
Total frames rendered: 341
Janky frames: 259 (75.95%)
Janky frames (legacy): 313 (91.79%)
50th percentile: 48ms
90th percentile: 81ms
95th percentile: 101ms
99th percentile: 200ms
Number Missed Vsync: 53
Number High input latency: 163
Number Slow UI thread: 247
Number Slow bitmap uploads: 1
Number Slow issue draw commands: 216
Number Frame deadline missed: 259
Number Frame deadline missed (legacy): 246
HISTOGRAM: 5ms=0 6ms=0 7ms=0 8ms=0 9ms=0 10ms=0 11ms=0 12ms=0 13ms=0 14ms=0 15ms=0 16ms=1 17ms=2 18ms=4 19ms=3 20ms=2 21ms=1 22ms=3 23ms=3 24ms=1 25ms=3 26ms=1 27ms=4 28ms=2 29ms=1 30ms=1 31ms=0 32ms=61 34ms=33 36ms=13 38ms=4 40ms=5 42ms=8 44ms=7 46ms=6 48ms=35 53ms=16 57ms=11 61ms=17 65ms=24 69ms=14 73ms=11 77ms=4 81ms=12 85ms=5 89ms=3 93ms=1 97ms=0 101ms=5 105ms=2 109ms=1 113ms=1 117ms=0 121ms=1 125ms=0 129ms=0 133ms=1 150ms=4 200ms=1 250ms=2 300ms=1 350ms=0 400ms=0 450ms=0 500ms=0 550ms=0 600ms=0 650ms=0 700ms=0 750ms=0 800ms=0 850ms=0 900ms=0 950ms=0 1000ms=0 1050ms=0 1100ms=0 1150ms=0 1200ms=0 1250ms=0 1300ms=0 1350ms=0 1400ms=0 1450ms=0 1500ms=0 1550ms=0 1600ms=0 1650ms=0 1700ms=0 1750ms=0 1800ms=0 1850ms=0 1900ms=0 1950ms=0 2000ms=0 2050ms=0 2100ms=0 2150ms=0 2200ms=0 2250ms=0 2300ms=0 2350ms=0 2400ms=0 2450ms=0 2500ms=0 2550ms=0 2600ms=0 2650ms=0 2700ms=0 2750ms=0 2800ms=0 2850ms=0 2900ms=0 2950ms=0 3000ms=0 3050ms=0 3100ms=0 3150ms=0 3200ms=0 3250ms=0 3300ms=0 3350ms=0 3400ms=0 3450ms=0 3500ms=0 3550ms=0 3600ms=0 3650ms=0 3700ms=0 3750ms=0 3800ms=0 3850ms=0 3900ms=0 3950ms=0 4000ms=0 4050ms=0 4100ms=0 4150ms=0 4200ms=0 4250ms=0 4300ms=0 4350ms=0 4400ms=0 4450ms=0 4500ms=0 4550ms=0 4600ms=0 4650ms=0 4700ms=0 4750ms=0 4800ms=0 4850ms=0 4900ms=0 4950ms=0
50th gpu percentile: 16ms
90th gpu percentile: 4950ms
95th gpu percentile: 4950ms
99th gpu percentile: 4950ms
GPU HISTOGRAM: 1ms=0 2ms=0 3ms=0 4ms=0 5ms=0 6ms=0 7ms=0 8ms=15 9ms=19 10ms=15 11ms=14 12ms=15 13ms=27 14ms=14 15ms=25 16ms=27 17ms=19 18ms=16 19ms=11 20ms=12 21ms=9 22ms=11 23ms=16 24ms=8 25ms=10 4950ms=58

Pipeline=Skia (OpenGL)
Memory policy:
  Max surface area: 2617920
  Max resource usage: 125.66MB (x48)
  Background retention: 50% (altUiHidden = true)
  GPU Context timeout: 10
Contexts: 1 (stopped = 0)
CPU Caches:
  Glyph Cache: 62.65 KB (1 entry)
  Glyph Count: 26 
Total CPU memory usage:
  64156 bytes, 62.65 KB (0.00 bytes is purgeable)
GPU Caches:
  Other:
    Other: 1.05 KB (1 entry)
  Image:
    Texture: 3.56 MB (50 entries)
  Scratch:
    RenderTarget: 2.41 MB (6 entries)
    Buffer Object: 142.00 KB (4 entries)
    Texture: 8.24 MB (20 entries)
Layer Info:
    GlLayer size 1080x2130
  Layers Total         8985.94 KB (numLayers = 1)
Total GPU memory usage:
  15039944 bytes, 14.34 MB (12.24 MB is purgeable)
TextureView: 1080x2130

GraphicBufferAllocator buffers:
            Handle |         Size |     W (Stride) x H | Layers |   Format |      Usage | Requestor
0xb400007958fe0470 |      unknown | 1080 (   0) x 2424 |      1 |        1 | 0x     b00 | VRI[MainActivity]#0(BLAST Consumer)0
0xb400007958fef200 |      unknown | 1080 (   0) x 2424 |      1 |        1 | 0x     b00 | VRI[MainActivity]#0(BLAST Consumer)0
0xb400007958ff1030 |      unknown | 1080 (   0) x 2424 |      1 |        1 | 0x     b00 | VRI[MainActivity]#0(BLAST Consumer)0
0xb400007958ff8ff0 |      unknown | 1080 (   0) x 2130 |      1 |        2 | 0x     300 | SurfaceTexture-0-31100-2
0xb400007958ffacd0 |      unknown | 1080 (   0) x 2130 |      1 |        2 | 0x     300 | SurfaceTexture-0-31100-2
0xb400007958ffb600 |      unknown | 1080 (   0) x 2282 |      1 |        2 | 0x     300 | SurfaceTexture-0-31100-2
0xb400007958ffb670 |      unknown | 1080 (   0) x 2130 |      1 |        2 | 0x     300 | SurfaceTexture-0-31100-2
Total allocated by GraphicBufferAllocator (estimate): 0.00 KB
Imported gralloc buffers:
+ name:SurfaceTexture-0-31100-2, id:23327, size:8986.25KiB, w/h:1080x2130, usage: 0x300, req fmt:2, fourcc/mod:875709016/0, dataspace: 0x0, compressed: false
+ name:SurfaceTexture-0-31100-2, id:23329, size:8986.25KiB, w/h:1080x2130, usage: 0x300, req fmt:2, fourcc/mod:875709016/0, dataspace: 0x0, compressed: false
+ name:SurfaceTexture-0-31100-2, id:23316, size:8986.25KiB, w/h:1080x2130, usage: 0x300, req fmt:2, fourcc/mod:875709016/0, dataspace: 0x0, compressed: false
+ name:SurfaceTexture-0-31100-2, id:22867, size:9627.50KiB, w/h:1080x2282, usage: 0x300, req fmt:2, fourcc/mod:875709016/0, dataspace: 0x0, compressed: false
+ name:VRI[MainActivity]#0(BLAST Consumer)0, id:22692, size:10226.56KiB, w/h:1080x2424, usage: 0xb00, req fmt:1, fourcc/mod:875708993/0, dataspace: 0x8810000, compressed: false
+ name:VRI[MainActivity]#0(BLAST Consumer)0, id:22694, size:10226.56KiB, w/h:1080x2424, usage: 0xb00, req fmt:1, fourcc/mod:875708993/0, dataspace: 0x0, compressed: false
+ name:VRI[MainActivity]#0(BLAST Consumer)0, id:22693, size:10226.56KiB, w/h:1080x2424, usage: 0xb00, req fmt:1, fourcc/mod:875708993/0, dataspace: 0x8810000, compressed: false
Total imported by gralloc: 67265.94KiB

Profile data in ms:

	com.froydinger.breeze.dev/com.froydinger.breeze.MainActivity/android.view.ViewRootImpl@ae7abef (visibility=0)
Window: com.froydinger.breeze.dev/com.froydinger.breeze.MainActivity
Stats since: 42141934019719ns
Total frames rendered: 341
Janky frames: 259 (75.95%)
Janky frames (legacy): 313 (91.79%)
50th percentile: 48ms
90th percentile: 81ms
95th percentile: 101ms
99th percentile: 200ms
Number Missed Vsync: 53
Number High input latency: 163
Number Slow UI thread: 247
Number Slow bitmap uploads: 1
Number Slow issue draw commands: 216
Number Frame deadline missed: 259
Number Frame deadline missed (legacy): 246
HISTOGRAM: 5ms=0 6ms=0 7ms=0 8ms=0 9ms=0 10ms=0 11ms=0 12ms=0 13ms=0 14ms=0 15ms=0 16ms=1 17ms=2 18ms=4 19ms=3 20ms=2 21ms=1 22ms=3 23ms=3 24ms=1 25ms=3 26ms=1 27ms=4 28ms=2 29ms=1 30ms=1 31ms=0 32ms=61 34ms=33 36ms=13 38ms=4 40ms=5 42ms=8 44ms=7 46ms=6 48ms=35 53ms=16 57ms=11 61ms=17 65ms=24 69ms=14 73ms=11 77ms=4 81ms=12 85ms=5 89ms=3 93ms=1 97ms=0 101ms=5 105ms=2 109ms=1 113ms=1 117ms=0 121ms=1 125ms=0 129ms=0 133ms=1 150ms=4 200ms=1 250ms=2 300ms=1 350ms=0 400ms=0 450ms=0 500ms=0 550ms=0 600ms=0 650ms=0 700ms=0 750ms=0 800ms=0 850ms=0 900ms=0 950ms=0 1000ms=0 1050ms=0 1100ms=0 1150ms=0 1200ms=0 1250ms=0 1300ms=0 1350ms=0 1400ms=0 1450ms=0 1500ms=0 1550ms=0 1600ms=0 1650ms=0 1700ms=0 1750ms=0 1800ms=0 1850ms=0 1900ms=0 1950ms=0 2000ms=0 2050ms=0 2100ms=0 2150ms=0 2200ms=0 2250ms=0 2300ms=0 2350ms=0 2400ms=0 2450ms=0 2500ms=0 2550ms=0 2600ms=0 2650ms=0 2700ms=0 2750ms=0 2800ms=0 2850ms=0 2900ms=0 2950ms=0 3000ms=0 3050ms=0 3100ms=0 3150ms=0 3200ms=0 3250ms=0 3300ms=0 3350ms=0 3400ms=0 3450ms=0 3500ms=0 3550ms=0 3600ms=0 3650ms=0 3700ms=0 3750ms=0 3800ms=0 3850ms=0 3900ms=0 3950ms=0 4000ms=0 4050ms=0 4100ms=0 4150ms=0 4200ms=0 4250ms=0 4300ms=0 4350ms=0 4400ms=0 4450ms=0 4500ms=0 4550ms=0 4600ms=0 4650ms=0 4700ms=0 4750ms=0 4800ms=0 4850ms=0 4900ms=0 4950ms=0
50th gpu percentile: 16ms
90th gpu percentile: 4950ms
95th gpu percentile: 4950ms
99th gpu percentile: 4950ms
GPU HISTOGRAM: 1ms=0 2ms=0 3ms=0 4ms=0 5ms=0 6ms=0 7ms=0 8ms=15 9ms=19 10ms=15 11ms=14 12ms=15 13ms=27 14ms=14 15ms=25 16ms=27 17ms=19 18ms=16 19ms=11 20ms=12 21ms=9 22ms=11 23ms=16 24ms=8 25ms=10 4950ms=58



---PROFILEDATA---
Flags,FrameTimelineVsyncId,IntendedVsync,Vsync,InputEventId,HandleInputStart,AnimationStart,PerformTraversalsStart,DrawStart,FrameDeadline,FrameStartTime,FrameInterval,WorkloadTarget,SyncQueued,SyncStart,IssueDrawCommandsStart,SwapBuffers,FrameCompleted,DequeueBufferDuration,QueueBufferDuration,GpuCompleted,SwapBuffersCompleted,DisplayPresentTime,CommandSubmissionCompleted,
0,2259735,42150330694468,42150347361134,-591668558,42150357422515,42150358749765,42150360954223,42150360985265,42150397361132,42150357420390,16666666,16666666,42150366467265,42150366567848,42150366634348,42150373273057,42150393493307,15576084,70875,42150393493307,42150389228057,0,42150373273057,
0,2259758,42150364027800,42150364027800,-1056088393,42150366932390,42150368555015,42150370404265,42150370430932,42150414027798,42150366930932,16666666,16666666,42150374986057,42150389301348,42150389512473,42150393069807,42150414446140,7537875,76042,42150414446140,42150401087307,0,42150393069807,
0,2259773,42150380694466,42150380694466,-1067027087,42150390579890,42150392076307,42150394780557,42150394808598,42150447361130,42150390578598,16666666,16666666,42150422599140,42150422877015,42150422985098,42150423739348,42150432339223,2333,184209,42150432339223,42150424450432,0,42150423739348,
0,2259788,42150397361132,42150414027798,-367471807,42150423487557,42150424732473,42150427148848,42150427178557,42150464027796,42150423485765,16666666,16666666,42150433100140,42150433688723,42150434107682,42150439216765,42150459700640,12518583,100291,42150459700640,42150452276640,0,42150439216765,
0,2259811,42150430694464,42150430694464,-376501027,42150434750140,42150435933015,42150438697932,42150438731223,42150480694462,42150434748098,16666666,16666666,42150442252515,42150452347390,42150452484015,42150459382223,42150480995890,10879708,78625,42150480995890,42150470639057,0,42150459382223,
0,2259826,42150447361130,42150447361130,-392143529,42150456616348,42150457707515,42150460711515,42150460741140,42150514027794,42150456614932,16666666,16666666,42150489391848,42150489695223,42150489745598,42150496967432,42150515232140,1209,75208,42150515232140,42150497306890,0,42150496967432,
0,2259841,42150464027796,42150480694462,-578594699,42150490245765,42150493586932,42150495554890,42150495584848,42150547361126,42150490243640,16666666,16666666,42150498829765,42150498916807,42150498963348,42150505109640,42150527133223,12711208,115041,42150527133223,42150518354390,0,42150505109640,
0,2259863,42150497361128,42150497361128,-707698848,42150499731682,42150502376473,42150505445015,42150505508973,42150564027792,42150499730265,16666666,16666666,42150525527223,42150525967057,42150526023223,42150526814515,42150548126807,9171958,79333,42150548126807,42150536336307,0,42150526814515,
0,2259878,42150514027794,42150514027794,-1071555027,42150527691807,42150527698390,42150532483932,42150532522557,42150580694458,42150527689973,16666666,16666666,42150535004015,42150536374057,42150536444848,42150546918307,42150570597890,988042,222209,42150570597890,42150554260057,0,42150546918307,
0,2259886,42150530694460,42150530694460,0,42150536814807,42150536814973,42150538702098,42150538727265,42150597361124,42150536813515,16666666,16666666,42150539124140,42150554332098,42150556116848,42150570141098,42150618915015,19061292,91416,42150618915015,42150589767223,0,42150570141098,
0,2259894,42150547361126,42150547361126,0,42150557084848,42150557085015,42150562815807,42150562909098,42150647361122,42150557083348,16666666,16666666,42150611812348,42150612351848,42150612684348,42150627815640,42150648293640,2291,143416,42150648293640,42150636505640,0,42150627815640,
0,2259902,42150564027792,42150597361124,0,42150614000640,42150614001057,42150623602348,42150623692432,42150680694454,42150613998390,16666666,16666666,42150625520098,42150636612682,42150636690682,42150648797057,42150680983973,19489375,109375,42150680983973,42150668803515,0,42150648797057,
0,2259912,42150630694456,42150630694456,0,42150637313015,42150637313182,42150637429807,42150637457432,42150714027786,42150637311473,16666666,16666666,42150680738473,42150681316598,42150681361223,42150681954390,42150699348182,1458,121083,42150699348182,42150690332140,0,42150681954390,
0,2259938,42150714027786,42150714027786,0,42150718094599,42150718095307,42150718305057,42150718358307,42150730694452,42150718091599,16666666,16666666,42150736838099,42150737254557,42150737303265,42150737931182,42150749322224,1542,273916,42150749322224,42150738586849,0,42150737931182,
0,2259953,42150747361118,42150747361118,0,42150753741432,42150753741974,42150754346932,42150754418349,42150780694450,42150753739474,16666666,16666666,42150773401890,42150773722015,42150773789140,42150774527390,42150783442765,1584,163000,42150783442765,42150775027557,0,42150774527390,
0,2259976,42150797361116,42150797361116,0,42150797969974,42150797970765,42150798510099,42150798554182,42150814027782,42150797967724,16666666,16666666,42150819321349,42150819704349,42150819744724,42150820469015,42150831014849,1625,86583,42150831014849,42150820871349,0,42150820469015,
0,2259991,42150830694448,42150830694448,0,42150832272640,42150832273432,42150832428890,42150832473682,42150864027780,42150832269515,16666666,16666666,42150847058807,42150847304224,42150847344890,42150848139724,42150865502849,1542,102333,42150865502849,42150848553140,0,42150848139724,
0,2260006,42150864027780,42150864027780,0,42150865499390,42150865500432,42150865564599,42150865612140,42150897361112,42150865497099,16666666,16666666,42150885684349,42150886132140,42150886175932,42150886894099,42150897880932,1708,223542,42150897880932,42150887443432,0,42150886894099,
0,2260021,42150897361112,42150897361112,0,42150898052182,42150898052599,42150899379057,42150899439265,42150930694444,42150898050474,16666666,16666666,42150911716515,42150912095515,42150912138432,42150912601515,42150921635724,1333,72667,42150921635724,42150912964890,0,42150912601515,
0,2260037,42150930694444,42150930694444,0,42150931174349,42150931175182,42150931278640,42150931323015,42150947361110,42150931171974,16666666,16666666,42150954093057,42150954529432,42150954566974,42150955320099,42150968532640,1667,232792,42150968532640,42150962349057,0,42150955320099,
0,2260052,42150964027776,42150964027776,0,42150965149807,42150965150474,42150965274640,42150965322099,42150997361108,42150965147682,16666666,16666666,42150978814057,42150979049265,42150979092140,42150979559349,42150997816182,12164875,468583,42150997816182,42150992495307,0,42150979559349,
0,2260068,42150997361108,42150997361108,0,42150998225140,42150998225807,42150998328890,42150998390849,42151030694440,42150998223099,16666666,16666666,42151021692640,42151022088599,42151022134099,42151022714807,42151032156432,1750,248417,42151032156432,42151023265390,0,42151022714807,
0,2260091,42151047361106,42151047361106,0,42151048308182,42151048308932,42151048425057,42151048477307,42151064027772,42151048306307,16666666,16666666,42151065085099,42151065518015,42151065562515,42151066076265,42151081014599,1334,98042,42151081014599,42151066558474,0,42151066076265,
0,2260113,42151080694438,42151080694438,-763912736,42151081238807,42151086744140,42151086991724,42151087034974,42151114027770,42151081237099,16666666,16666666,42151099076599,42151099226932,42151099268849,42151099872390,42151115002724,1333,65791,42151115002724,42151100437265,0,42151099872390,
0,2260142,42151114027770,42151114027770,-1059384249,42151116150265,42151124409182,42151124445932,42151124483557,42151147361102,42151116148849,16666666,16666666,42151133696640,42151141953390,42151142003974,42151142547515,42151149866015,1334,141291,42151149866015,42151143032849,0,42151142547515,
0,2260156,42151130694436,42151130694436,-34974989,42151142405057,42151143517099,42151159782557,42151159818599,42151180694434,42151142403515,16666666,16666666,42151171331932,42151171409515,42151171456557,42151171951932,42151184080349,1375,63458,42151184080349,42151172364349,0,42151171951932,
0,2260171,42151147361102,42151164027768,-385647843,42151171839015,42151175935432,42151192128849,42151192895890,42151214027766,42151171836932,16666666,16666666,42151219682974,42151219925099,42151220178307,42151220654099,42151236725765,4209,2269209,42151236725765,42151230262349,0,42151220654099,
0,2260194,42151180694434,42151214027766,-615462618,42151224414682,42151227679849,42151246753807,42151247292515,42151264027764,42151224411099,16666666,16666666,42151254718390,42151254794182,42151254886807,42151258293057,42151270300974,2291,376375,42151270300974,42151258930182,0,42151258293057,
0,2260239,42151230694432,42151247361098,-1036115074,42151257891474,42151259088974,42151262100807,42151262131224,42151297361096,42151257888265,16666666,16666666,42151281576432,42151289214224,42151289315807,42151290130349,42151300250974,1792,144959,42151300250974,42151290663390,0,42151290130349,
0,2260269,42151264027764,42151280694430,-1032639247,42151290025432,42151291464307,42151296387390,42151296504140,42151330694428,42151290023265,16666666,16666666,42151300942724,42151301083807,42151301133557,42151310026307,42151328295099,14637583,97875,42151328295099,42151325038474,0,42151310026307,
0,2260299,42151297361096,42151297361096,-1070657250,42151302027557,42151306621182,42151309031807,42151309065182,42151347361094,42151302025765,16666666,16666666,42151313499474,42151325119974,42151325172890,42151327828724,42151360963307,13582625,132792,42151360963307,42151344723599,0,42151327828724,
0,2260314,42151314027762,42151314027762,-828160194,42151328615474,42151341875932,42151349160557,42151349200307,42151380694426,42151328613015,16666666,16666666,42151358911890,42151359168599,42151359252557,42151360206474,42151389556640,18128500,432083,42151389556640,42151379150307,0,42151360206474,
0,2260337,42151347361094,42151347361094,-143578120,42151359683849,42151360780015,42151368139640,42151368221807,42151414027758,42151359682724,16666666,16666666,42151371208932,42151379238640,42151379547390,42151389232265,42151413081641,9708709,73209,42151413081641,42151399303057,0,42151389232265,
0,2260352,42151364027760,42151380694426,-919270377,42151381053599,42151381946015,42151383428640,42151383453557,42151430694424,42151381051307,16666666,16666666,42151386626807,42151399374932,42151399435432,42151412531307,42151432270891,14072833,100125,42151432270891,42151427203182,0,42151412531307,
0,2260375,42151397361092,42151397361092,-590891600,42151404703349,42151406229016,42151407927224,42151407958932,42151464027756,42151404699766,16666666,16666666,42151445195849,42151445694432,42151445774891,42151446706349,42151465258016,2042,590959,42151465258016,42151448239891,0,42151446706349,
0,2260390,42151414027758,42151430694424,-614033485,42151446409016,42151447117641,42151452367432,42151452407307,42151497361088,42151446407016,16666666,16666666,42151458874516,42151459457807,42151459506974,42151474159599,42151485219057,2000,188125,42151485219057,42151474615766,0,42151474159599,
0,2260405,42151447361090,42151447361090,0,42151461341849,42151461536224,42151466913057,42151466945391,42151514027754,42151461340141,16666666,16666666,42151467846682,42151474680182,42151474734224,42151491670766,42151509571266,14084250,261833,42151509571266,42151506390224,0,42151491670766,
0,2260420,42151464027756,42151464027756,-991493051,42151475368557,42151479793807,42151483215141,42151483251224,42151530694420,42151475367349,16666666,16666666,42151508096641,42151508480724,42151508538599,42151508986891,42151526398682,8881958,214792,42151526398682,42151518487224,0,42151508986891,
0,2260435,42151480694422,42151497361088,-612845339,42151509877849,42151509890682,42151512557807,42151512588266,42151547361086,42151509875307,16666666,16666666,42151513523474,42151518556849,42151518621557,42151525855474,42151548549349,14542625,109250,42151548549349,42151541035516,0,42151525855474,
0,2260460,42151547361086,42151547361086,0,42151549328016,42151549328766,42151549500057,42151549551391,42151580694418,42151549325766,16666666,16666666,42151566704474,42151567058641,42151567117224,42151567698766,42151582563432,1167,88416,42151582563432,42151568439099,0,42151567698766,
0,2260475,42151580694418,42151580694418,0,42151582910099,42151582910932,42151583004849,42151583045641,42151614027750,42151582907724,16666666,16666666,42151593652641,42151593959974,42151594034724,42151594465682,42151609439807,1291,89916,42151609439807,42151595165016,0,42151594465682,
0,2260483,42151597361084,42151597361084,0,42151598002557,42151598002891,42151598176599,42151598239224,42151630694416,42151598001182,16666666,16666666,42151612533724,42151612757974,42151612815307,42151613543016,42151639988641,14419792,333417,42151639988641,42151628950266,0,42151613543016,
0,2260499,42151630694416,42151630694416,0,42151633261266,42151633261932,42151633471766,42151633523182,42151664027748,42151633259516,16666666,16666666,42151638350391,42151638720266,42151638773891,42151639404432,42151672073474,25483625,78458,42151672073474,42151665525932,0,42151639404432,
0,2260515,42151664027748,42151664027748,0,42151664848724,42151664849516,42151665080349,42151665133141,42151697361080,42151664846724,16666666,16666666,42151668228099,42151668480891,42151668526016,42151668850266,42151698232807,19110541,2952333,42151698232807,42151691233682,0,42151668850266,
0,2260523,42151680694414,42151680694414,0,42151682982307,42151682983057,42151683090057,42151683182474,42151730694412,42151682980182,16666666,16666666,42151695421474,42151695699849,42151695754641,42151696811891,42151732197599,20024125,135500,42151732197599,42151719708266,0,42151696811891,
0,2260539,42151714027746,42151714027746,0,42151714639141,42151714640016,42151714729641,42151714779599,42151764027744,42151714636807,16666666,16666666,42151724456516,42151724805182,42151724880599,42151725312516,42151759049682,11374166,75708,42151759049682,42151743611599,0,42151725312516,
0,2260547,42151730694412,42151730694412,0,42151732744516,42151732745474,42151732916432,42151732985432,42151780694410,42151732740724,16666666,16666666,42151751773849,42151752350849,42151752401391,42151753058974,42151780892766,10356583,165875,42151780892766,42151769441391,0,42151753058974,
0,2260563,42151764027744,42151764027744,0,42151766610349,42151766611016,42151766690099,42151766732224,42151814027742,42151766608016,16666666,16666666,42151779630891,42151780428516,42151780482016,42151781136641,42151816373682,4971875,95042,42151816373682,42151793483849,0,42151781136641,
0,2260579,42151797361076,42151797361076,0,42151799630557,42151799631224,42151799715891,42151799757766,42151847361074,42151799628849,16666666,16666666,42151808578349,42151808932641,42151808983016,42151809417641,42151848647182,13594375,135375,42151848647182,42151832774974,0,42151809417641,
0,2260587,42151814027742,42151814027742,0,42151815845224,42151815845682,42151815977599,42151816049266,42151880694406,42151815843432,16666666,16666666,42151840328099,42151849089432,42151849148557,42151856856182,42151865897891,1250,95208,42151865897891,42151857294141,0,42151856856182,
0,2260604,42151864027740,42151864027740,0,42151865428641,42151865429349,42151865506891,42151865544307,42151897361072,42151865426599,16666666,16666666,42151869233516,42151869601974,42151869646641,42151870024099,42151898569307,16367875,97583,42151898569307,42151886915599,0,42151870024099,
0,2260612,42151880694406,42151880694406,0,42151883118599,42151883119307,42151883233224,42151883276391,42151930694404,42151883116766,16666666,16666666,42151895138474,42151895554807,42151895600557,42151896328724,42151929139057,206292,175083,42151929139057,42151903513474,0,42151896328724,
0,2260620,42151897361072,42151897361072,0,42151899367766,42151899368391,42151899827474,42151899876682,42151947361070,42151899364849,16666666,16666666,42151922846432,42151923215099,42151923282891,42151923881641,42151946592266,11967500,86708,42151946592266,42151941144557,0,42151923881641,
0,2260636,42151930694404,42151930694404,0,42151931721016,42151931721724,42151931819516,42151931865266,42151964027736,42151931719349,16666666,16666666,42151945010974,42151945342182,42151945433307,42151945855557,42151973161932,22643416,234792,42151973161932,42151969376599,0,42151945855557,
0,2260652,42151964027736,42151964027736,0,42151966682849,42151966683516,42151966843557,42151966882349,42151997361068,42151966680891,16666666,16666666,42151971428724,42151971742557,42151971838182,42151972591432,42151998817099,20522583,90833,42151998817099,42151993744182,0,42151972591432,
0,2260668,42151997361068,42151997361068,0,42151999280641,42151999281266,42151999370307,42151999414766,42152030694400,42151999278724,16666666,16666666,42152013505599,42152014399016,42152014489307,42152016638807,42152030930557,2500,224167,42152030930557,42152017582016,0,42152016638807,
0,2260690,42152047361066,42152047361066,-215832823,42152047762849,42152047763599,42152047886516,42152047928016,42152064027732,42152047760224,16666666,16666666,42152067081432,42152067403266,42152067456182,42152068150807,42152081025557,2667,288166,42152081025557,42152069018474,0,42152068150807,
0,2260733,42152097361064,42152097361064,-2500980,42152097827974,42152101351099,42152101374183,42152101433183,42152114027730,42152097826099,16666666,16666666,42152106284724,42152106505349,42152106563016,42152107012099,42152118452183,1834,208625,42152118452183,42152107585766,0,42152107012099,
0,2260763,42152130694396,42152130694396,-361402789,42152131263391,42152132599349,42152132631974,42152132664391,42152147361062,42152131260141,16666666,16666666,42152153268974,42152153733766,42152153857641,42152154459766,42152167859891,1667,218083,42152167859891,42152155089683,0,42152154459766,
0,2260777,42152147361062,42152147361062,-330408894,42152154360391,42152155389349,42152165977016,42152166020474,42152197361060,42152154358808,16666666,16666666,42152176384266,42152176472224,42152176557266,42152176931433,42152198177641,13852458,77042,42152198177641,42152191143974,0,42152176931433,
0,2260792,42152164027728,42152164027728,-675444643,42152177492474,42152180069599,42152181563724,42152181593224,42152230694392,42152177490808,16666666,16666666,42152225823558,42152226143016,42152226216308,42152226608474,42152238282724,1875,92875,42152238282724,42152227061349,0,42152226608474,
0,2260807,42152180694394,42152214027726,-813378284,42152226879724,42152227823849,42152233916599,42152233989724,42152264027724,42152226877141,16666666,16666666,42152259167474,42152259647308,42152259730058,42152261766599,42152275037224,2917,1107333,42152275037224,42152263265141,0,42152261766599,
0,2260837,42152230694392,42152247361058,-385105698,42152260417141,42152261201308,42152266639016,42152266676099,42152297361056,42152260414974,16666666,16666666,42152282733891,42152291065308,42152291126224,42152295051891,42152314489474,3875,6936625,42152314489474,42152302850433,0,42152295051891,
0,2260860,42152264027724,42152280694390,-870335633,42152293121724,42152295891224,42152305951141,42152305989683,42152347361054,42152293118766,16666666,16666666,42152322989308,42152323254808,42152323350933,42152323953766,42152332845016,1333,444125,42152332845016,42152324807141,0,42152323953766,
0,2260882,42152297361056,42152314027722,-1068152030,42152323881641,42152328359266,42152333621516,42152333661391,42152364027720,42152323876349,16666666,16666666,42152346308349,42152346687683,42152346753266,42152347930141,42152372428058,325166,113875,42152372428058,42152348851099,0,42152347930141,
0,2260905,42152330694388,42152347361054,-1070713352,42152348346599,42152349358141,42152360120558,42152360171933,42152397361052,42152348343391,16666666,16666666,42152367179391,42152368622141,42152368715141,42152371971474,42152397658266,9581167,123584,42152397658266,42152382068224,0,42152371971474,
0,2260928,42152364027720,42152364027720,-803234082,42152369122016,42152373584474,42152375884183,42152375972308,42152430694384,42152369120599,16666666,16666666,42152414262391,42152414594266,42152414652141,42152415605349,42152432437891,1875,314541,42152432437891,42152416348058,0,42152415605349,
0,2260943,42152380694386,42152414027718,-867260693,42152415323724,42152416978141,42152427034516,42152427073724,42152464027716,42152415320724,16666666,16666666,42152449703474,42152449936641,42152450005683,42152451091558,42152469090433,2833,3040958,42152469090433,42152454692349,0,42152451091558,
0,2260966,42152430694384,42152447361050,-243965018,42152450528266,42152455759141,42152468387849,42152468454891,42152497361048,42152450525891,16666666,16666666,42152479443683,42152479719933,42152479834391,42152481000099,42152505419058,21056084,202625,42152505419058,42152503087433,0,42152481000099,
0,2260981,42152464027716,42152480694382,-135117266,42152484889058,42152484907349,42152495348474,42152495382141,42152530694380,42152484884349,16666666,16666666,42152495977599,42152503154433,42152503350016,42152504986266,42152531070891,18058292,124041,42152531070891,42152523542474,0,42152504986266,
0,2260990,42152497361048,42152497361048,0,42152504473391,42152504473766,42152509689308,42152509730766,42152564027712,42152504471849,16666666,16666666,42152542245308,42152542526974,42152542585141,42152543044641,42152550955808,1459,90125,42152550955808,42152543506849,0,42152543044641,
0,2260998,42152514027714,42152530694380,0,42152543138724,42152543138974,42152543214099,42152543238974,42152580694378,42152543136224,16666666,16666666,42152543377849,42152543531599,42152543572058,42152551138891,42152578697808,9108667,146583,42152578697808,42152567937391,0,42152551138891,
0,2261015,42152564027712,42152564027712,0,42152565917849,42152565918516,42152565992641,42152566040891,42152597361044,42152565915516,16666666,16666666,42152577582391,42152577904433,42152577982891,42152578368599,42152597623058,11552500,68583,42152597623058,42152590310224,0,42152578368599,
0,2261031,42152597361044,42152597361044,0,42152597919433,42152597920224,42152598006183,42152598059599,42152630694376,42152597916808,16666666,16666666,42152611129891,42152611431224,42152611484474,42152612090933,42152625645974,1500,125166,42152625645974,42152612463724,0,42152612090933,
0,2261039,42152614027710,42152614027710,0,42152615396016,42152615396599,42152615520183,42152615572391,42152647361042,42152615394391,16666666,16666666,42152637484308,42152639601016,42152639648641,42152640425599,42152664570808,1834,167417,42152664570808,42152646897516,0,42152640425599,
0,2261062,42152664027708,42152664027708,0,42152664931141,42152664931933,42152664995933,42152665040808,42152697361040,42152664928016,16666666,16666666,42152708570183,42152708986308,42152709091308,42152718869016,42152730863891,1125,64292,42152730863891,42152719235474,0,42152718869016,
0,2261078,42152730694372,42152730694372,0,42152731084558,42152731085349,42152731169808,42152731216391,42152764027704,42152731081724,16666666,16666666,42152741489849,42152741727308,42152741758266,42152742285224,42152750660349,2625,114791,42152750660349,42152742929974,0,42152742285224,
0,2261094,42152764027704,42152764027704,0,42152764500308,42152764501058,42152764575683,42152764613266,42152780694370,42152764498599,16666666,16666666,42152774641308,42152774854183,42152774891641,42152775343641,42152782597516,1417,71542,42152782597516,42152775734724,0,42152775343641,
0,2261110,42152797361036,42152797361036,0,42152798008850,42152798009600,42152798100850,42152798148891,42152814027702,42152798006850,16666666,16666666,42152807380308,42152807707641,42152807737891,42152808277183,42152815527100,1292,266291,42152815527100,42152809003308,0,42152808277183,
0,2261126,42152830694368,42152830694368,0,42152831605850,42152831606766,42152831670391,42152831713183,42152847361034,42152831603433,16666666,16666666,42152840934516,42152841231100,42152841297100,42152841829766,42152849127391,1209,180708,42152849127391,42152842434558,0,42152841829766,
0,2261142,42152864027700,42152864027700,0,42152864654308,42152864654933,42152864726308,42152864764850,42152880694366,42152864652516,16666666,16666666,42152873479308,42152880416516,42152880481141,42152881054141,42152894631516,1041,74667,42152894631516,42152881411308,0,42152881054141,
0,2261149,42152880694366,42152880694366,0,42152881071350,42152881071516,42152881132141,42152881164100,42152914027698,42152881069975,16666666,16666666,42152893733766,42152893907933,42152893960933,42152894331308,42152914352058,6942209,77083,42152914352058,42152901606350,0,42152894331308,
0,2261165,42152914027698,42152914027698,0,42152914546016,42152914546683,42152914609725,42152914645475,42152947361030,42152914543933,16666666,16666666,42152923817016,42152924159516,42152924470141,42152925008475,42152933064516,1666,91292,42152933064516,42152925421183,0,42152925008475,
0,2261181,42152947361030,42152947361030,0,42152948358225,42152948358850,42152948438891,42152948485808,42152964027696,42152948355683,16666666,16666666,42152958682183,42152958930975,42152958985683,42152959843058,42152967827683,1958,519250,42152967827683,42152960730641,0,42152959843058,
0,2261197,42152980694362,42152980694362,0,42152981936141,42152981937266,42152982016975,42152982057225,42152997361028,42152981934391,16666666,16666666,42152999158141,42152999491725,42152999533433,42153000415558,42153014547016,1083,66458,42153014547016,42153000812308,0,42153000415558,
0,2261212,42153014027694,42153014027694,0,42153015172016,42153015172766,42153015311225,42153015534725,42153047361026,42153015169725,16666666,16666666,42153033664975,42153034025183,42153034067433,42153034496475,42153049141308,1667,85833,42153049141308,42153034906808,0,42153034496475,
0,2261234,42153047361026,42153047361026,-607254656,42153050071725,42153054384308,42153054463475,42153054508308,42153080694358,42153050069225,16666666,16666666,42153067726683,42153068067266,42153068095558,42153068663016,42153081688933,3625,114792,42153081688933,42153069176808,0,42153068663016,
0,2261263,42153080694358,42153080694358,-721329347,42153085303350,42153089618933,42153089664766,42153089721975,42153114027690,42153085301350,16666666,16666666,42153101474433,42153101808975,42153101847266,42153102345558,42153114475641,1500,136333,42153114475641,42153102846433,0,42153102345558,
0,2261292,42153114027690,42153114027690,-1038277277,42153114739808,42153115781975,42153138360600,42153138392891,42153147361022,42153114737266,16666666,16666666,42153149762766,42153156793808,42153156863641,42153157261391,42153166237016,1417,58750,42153166237016,42153157651516,0,42153157261391,
0,2261306,42153130694356,42153147361022,-373932089,42153157300308,42153160336183,42153174113683,42153175191016,42153197361020,42153157297350,16666666,16666666,42153198931600,42153199256308,42153199316308,42153199799391,42153216143933,1417,239000,42153216143933,42153200285100,0,42153199799391,
0,2261328,42153164027688,42153197361020,-101267180,42153201099266,42153204973641,42153226855600,42153227260058,42153247361018,42153201096516,16666666,16666666,42153233975850,42153234028475,42153234115808,42153235125308,42153248324016,1541,79542,42153248324016,42153235511558,0,42153235125308,
0,2261373,42153214027686,42153230694352,-973810992,42153235623391,42153236687891,42153239283016,42153239328891,42153280694350,42153235621391,16666666,16666666,42153261681391,42153261955391,42153262019766,42153262808100,42153271507141,1833,238250,42153271507141,42153263762183,0,42153262808100,
0,2261403,42153247361018,42153247361018,-660292729,42153262626683,42153264536850,42153267887683,42153267915100,42153297361016,42153262624725,16666666,16666666,42153270692266,42153270796433,42153270851100,42153272400350,42153298120641,7839334,82542,42153298120641,42153285960183,0,42153272400350,
0,2261433,42153280694350,42153280694350,-624170684,42153281450558,42153284708266,42153288118808,42153288146475,42153330694348,42153281448975,16666666,16666666,42153305967141,42153306270350,42153306342891,42153307123766,42153315952016,1292,68917,42153315952016,42153307466308,0,42153307123766,
0,2261448,42153297361016,42153297361016,-723653775,42153306888141,42153307601475,42153311954475,42153311997016,42153347361014,42153306886808,16666666,16666666,42153317969808,42153318191683,42153318260058,42153322594766,42153344934933,9294959,81917,42153344934933,42153332347766,0,42153322594766,
0,2261463,42153314027682,42153314027682,-1057107113,42153318778516,42153319794183,42153323324016,42153323366391,42153364027680,42153318776975,16666666,16666666,42153326501475,42153332718475,42153332831975,42153344327850,42153365221516,11993458,157416,42153365221516,42153356994850,0,42153344327850,
0,2261478,42153330694348,42153330694348,-235881037,42153333369016,42153336864641,42153340725433,42153340766725,42153397361012,42153333367975,16666666,16666666,42153373272350,42153373580475,42153373643766,42153374333725,42153387670641,1042,51250,42153387670641,42153374870225,0,42153374333725,
0,2261493,42153347361014,42153364027680,-515395497,42153374113641,42153376910725,42153378777808,42153378809641,42153414027678,42153374111516,16666666,16666666,42153388252933,42153388368850,42153388459725,42153389130766,42153412352933,13938709,168333,42153412352933,42153405378475,0,42153389130766,
0,2261516,42153380694346,42153380694346,0,42153389026891,42153389085683,42153390854766,42153390878100,42153430694344,42153389025058,16666666,16666666,42153410754850,42153411014725,42153411074975,42153411895850,42153430927766,8987917,64292,42153430927766,42153421384850,0,42153411895850,
0,2261531,42153397361012,42153397361012,-923105953,42153411491725,42153412797933,42153417907141,42153417943975,42153464027676,42153411490475,16666666,16666666,42153419918058,42153421436100,42153421681308,42153433388766,42153448373725,1375,161208,42153448373725,42153440369475,0,42153433388766,
0,2261546,42153414027678,42153414027678,0,42153423130683,42153423507391,42153425667516,42153425691516,42153480694342,42153423128683,16666666,16666666,42153426843183,42153440451641,42153440526141,42153449134308,42153479692391,15050333,139458,42153479692391,42153469280600,0,42153449134308,
0,2261561,42153430694344,42153430694344,-621086856,42153441015225,42153442189183,42153443677016,42153443716308,42153497361008,42153441013933,16666666,16666666,42153478054308,42153478265641,42153478329600,42153479304766,42153498540850,11364333,71541,42153498540850,42153491104850,0,42153479304766,
0,2261576,42153447361010,42153480694342,-297128754,42153480744516,42153480751141,42153483028683,42153483057516,42153530694340,42153480741766,16666666,16666666,42153485767016,42153491224266,42153491344141,42153496706516,42153525935642,10684042,91625,42153525935642,42153513112058,0,42153496706516,
0,2261586,42153497361008,42153497361008,0,42153499640017,42153499640683,42153499718017,42153499753808,42153547361006,42153499638475,16666666,16666666,42153524544725,42153524806142,42153524864517,42153525473433,42153547775933,13912292,91875,42153547775933,42153539890392,0,42153525473433,
0,2261602,42153530694340,42153530694340,0,42153533204267,42153533204933,42153533328850,42153533368017,42153580694338,42153533202433,16666666,16666666,42153562200725,42153562558142,42153562623642,42153563736142,42153581477850,1250,81458,42153581477850,42153564255433,0,42153563736142,
0,2261625,42153580694338,42153580694338,0,42153585100892,42153585101725,42153585229850,42153585276558,42153614027670,42153585098308,16666666,16666666,42153593107350,42153593411892,42153593460517,42153593907850,42153608074683,2208,199458,42153608074683,42153594635600,0,42153593907850,
0,2261633,42153597361004,42153597361004,0,42153598240392,42153598241183,42153598305850,42153598345142,42153630694336,42153598238267,16666666,16666666,42153622486142,42153622726600,42153622772392,42153623644308,42153632648017,1834,93375,42153632648017,42153624132267,0,42153623644308,
0,2261657,42153647361002,42153647361002,0,42153648233767,42153648234558,42153648336683,42153648379683,42153664027668,42153648231517,16666666,16666666,42153664303308,42153664806558,42153664861350,42153665560225,42153681563142,1375,305666,42153681563142,42153666241225,0,42153665560225,
0,2261672,42153680694334,42153680694334,0,42153682020558,42153682021308,42153682193225,42153682242433,42153714027666,42153682017350,16666666,16666666,42153699259142,42153699533308,42153699584642,42153700395183,42153714579017,2167,350416,42153714579017,42153701201600,0,42153700395183,
0,2261687,42153714027666,42153714027666,0,42153715024892,42153715025600,42153715152267,42153715198850,42153747360998,42153715021975,16666666,16666666,42153730783225,42153731040267,42153731116517,42153731794933,42153747903767,1458,89250,42153747903767,42153732462642,0,42153731794933,
0,2261702,42153747360998,42153747360998,0,42153748309642,42153748310433,42153748385392,42153748421350,42153780694330,42153748307642,16666666,16666666,42153768756850,42153768960392,42153769007517,42153769775017,42153782914267,2125,273125,42153782914267,42153775489725,0,42153769775017,
0,2261717,42153780694330,42153780694330,0,42153782805683,42153782806475,42153782959308,42153783002600,42153814027662,42153782802975,16666666,16666666,42153792842767,42153793172225,42153793245725,42153793847808,42153814590892,9214958,193083,42153814590892,42153803716683,0,42153793847808,
0,2261733,42153814027662,42153814027662,0,42153814773683,42153814774517,42153815017267,42153815069808,42153847360994,42153814771183,16666666,16666666,42153831556933,42153831792725,42153831857600,42153832436267,42153847915642,1416,72750,42153847915642,42153832945517,0,42153832436267,
0,2261748,42153847360994,42153847360994,0,42153848100975,42153848101767,42153848285850,42153848342683,42153880694326,42153848098725,16666666,16666666,42153864675558,42153865116642,42153865171308,42153865761392,42153882173225,2000,127333,42153882173225,42153866326058,0,42153865761392,
0,2261771,42153897360992,42153897360992,0,42153897950767,42153897951392,42153898020642,42153898062683,42153914027658,42153897948350,16666666,16666666,42153908213975,42153908857392,42153908920517,42153909663975,42153923866225,1500,110375,42153923866225,42153910391100,0,42153909663975,
0,2261787,42153930694324,42153930694324,0,42153931721683,42153931722433,42153931895100,42153931941600,42153947360990,42153931719017,16666666,16666666,42153941423142,42153941671225,42153941718433,42153942308850,42153965147725,1750,243292,42153965147725,42153948264850,0,42153942308850,
0,2261794,42153947360990,42153947360990,0,42153948239183,42153948239933,42153948366850,42153948406100,42153997360988,42153948234725,16666666,16666666,42153961431142,42153961663975,42153961735308,42153962337392,42153981039308,10408834,2307542,42153981039308,42153975609058,0,42153962337392,
0,2261817,42153997360988,42153997360988,0,42153998048058,42153998048767,42153998125725,42153998165517,42154014027654,42153998045975,16666666,16666666,42154001764100,42154002045433,42154002082642,42154002573308,42154016702392,1625,98792,42154016702392,42154003132142,0,42154002573308,
0,2261825,42154014027654,42154014027654,0,42154016249058,42154016250642,42154016340850,42154016393683,42154047360986,42154016244142,16666666,16666666,42154022641725,42154028316308,42154028415267,42154030365642,42154045666392,4174083,10599792,42154041300017,42154045666392,0,42154030365642,
0,2261833,42154030694320,42154030694320,0,42154031166350,42154031167183,42154031278725,42154031555683,42154047360986,42154031164142,16666666,16666666,42154050024600,42154050320267,42154050382767,42154051069683,42150366014182,13836042,189417,42150366014182,42154065611892,0,42154051069683,
---PROFILEDATA---


View hierarchy:

  com.froydinger.breeze.dev/com.froydinger.breeze.MainActivity/android.view.ViewRootImpl@ae7abef
  12 views, 20.22 kB of render nodes


Total ViewRootImpl   : 1
Total attached Views : 12
Total RenderNode     : 20.22 kB (used) / 56.15 kB (capacity)

